1558060706.975665808 3256.464000
1558060707.074878216 2822.874000
1558060707.177299976 3178.906000
1558060707.274947166 2941.292000
1558060707.375413179 3012.263000
1558060707.475489855 2818.081000
1558060707.574903488 2886.598000
1558060707.674983978 2797.715000
1558060707.774994850 2916.773000
1558060707.874933481 2764.782000
1558060707.974814653 2777.790000
1558060708.074708223 2902.709000
1558060708.174874783 3215.908000
1558060708.274886847 3164.949000
1558060708.374696493 3212.721000
1558060708.474871159 3248.923000
1558060708.574899435 3333.495000
1558060708.674811602 3286.369000
1558060708.774767637 3072.206000
1558060708.874917746 3288.069000
1558060708.974778652 3334.080000
1558060709.074934244 3297.188000
1558060709.174817085 3169.875000
1558060709.274939060 3347.931000
1558060709.374817133 3361.951000
1558060709.474917412 3353.516000
1558060709.574879169 3192.470000
1558060709.675001860 3226.652000
1558060709.774996042 3163.635000
1558060709.874956131 2807.599000
1558060709.977800131 2813.116000
1558060710.074733019 2841.669000
1558060710.191869020 3096.540000
1558060710.275074482 2990.063000
1558060710.378083944 2743.712000
1558060710.486492395 3083.620000
1558060710.575006485 2677.324000
1558060710.691329002 3042.754000
1558060710.810588837 2906.561000
1558060710.901896715 2715.074000
1558060710.981565714 2803.873000
1558060711.114298105 3130.095000
1558060711.210982323 3105.488000
1558060711.321561098 3182.646000
1558060711.390894890 3139.832000
1558060711.491894245 3062.558000
1558060711.614563465 3045.952000
1558060711.678570986 2711.584000
1558060711.777998924 3115.077000
1558060711.893487453 3105.074000
1558060711.981465340 3144.396000
1558060712.078515053 3108.616000
1558060712.182537556 3098.453000
1558060712.284256220 3103.753000
1558060712.396916628 3053.144000
1558060712.479669094 2894.918000
1558060712.577113867 3041.404000
1558060712.677717924 3121.463000
1558060712.777653933 3131.024000
1558060712.880756140 3110.629000
1558060712.977770090 3173.115000
1558060713.086108923 3043.192000
1558060713.179150105 2740.074000
1558060713.281388283 3120.522000
1558060713.378563404 3129.222000
1558060713.476935625 3141.190000
1558060713.579632044 3106.219000
1558060713.678785801 3126.728000
1558060713.777675152 2909.165000
1558060713.880639791 3060.552000
1558060713.978878736 3166.776000
1558060714.079576969 3138.322000
1558060714.181932449 3130.525000
1558060714.283365011 3147.129000
1558060714.390219450 3029.543000
1558060714.479254246 2689.143000
1558060714.578908443 3200.136000
1558060714.679672003 3117.055000
1558060714.781100512 3157.249000
1558060714.880109310 3139.955000
1558060714.978627443 3265.988000
1558060715.080713034 2958.792000
1558060715.180186272 3132.243000
1558060715.279102325 3169.407000
1558060715.379721880 3126.598000
1558060715.483304024 3263.639000
1558060715.577530861 3206.788000
1558060715.688631773 3112.719000
1558060715.777971268 2930.797000
1558060715.895788908 3108.356000
1558060715.994596720 3100.541000
1558060716.087143421 3107.766000
1558060716.199277878 3109.368000
1558060716.310579538 3083.113000
1558060716.385497570 2678.743000
1558060716.493307590 2866.933000
1558060716.590307474 2925.973000
1558060716.676801682 3098.702000
1558060716.778017282 3106.716000
1558060716.934697628 3265.522000
1558060717.101358175 3140.214000
1558060717.110917807 3178.305000
1558060717.189171314 3034.849000
1558060717.344990969 3143.057000
